"","x","y","missing"
"1",2.91,3.21,0
"2",7.17,16.11,0
"3",8.62,21.91,0
"4",9.5,20.01,0
"5",7.39,10.24,0
"6",4.57,5.08,0
"7",8.51,16.74,0
"8",8.47,15.03,0
"9",5.67,14.5,0
"10",4.57,6.64,0
"11",8.72,18.24,1
"12",9.88,19.81,0
"13",1.66,1.32,0
"14",0.05,0.12,0
"15",4.48,8.63,0
"16",3.65,8.15,0
"17",5.58,10.31,0
"18",7.03,13.12,0
"19",9.25,18.84,0
"20",0.09,3.87,0
"21",0.02,-3.24,0
"22",8.76,16.86,0
"23",4.04,8.98,0
"24",4.78,10.1,0
"25",4.44,8.37,0
"26",4.75,14.2,0
"27",4.87,9.31,0
"28",3,6.1,1
"29",6.1,7.71,0
"30",2.29,6.42,0
"31",7.22,15.94,0
"32",6.26,12.39,0
"33",8.47,15.93,0
"34",1.82,3.32,1
"35",9.82,19.45,0
"36",4.38,9.71,0
"37",5.61,11.48,0
"38",9.2,19.83,0
"39",8.19,16.37,0
"40",1.79,-0.77,0
"41",4,9.75,0
"42",1.64,4.95,0
"43",9.36,18.62,0
"44",4.12,1.42,0
"45",9.63,16.23,0
"46",8.58,17.66,0
"47",1.9,2.85,0
"48",1.58,5.11,1
"49",0.63,6.13,0
"50",1.52,2.88,0
"51",5.54,9.79,0
"52",9.62,16,0
"53",2.39,5.04,0
"54",0.59,-0.21,0
"55",0.79,-1.67,0
"56",0.89,1.17,0
"57",9.66,19.9,0
"58",2.81,7.86,0
"59",9.02,16.5,0
"60",5.48,11.92,0
"61",0.09,1.63,0
"62",9.76,19.77,0
"63",2.91,3.76,0
"64",2.91,4.45,0
"65",3.8,7.34,0
"66",9.37,18.76,0
"67",2.27,2.83,0
"68",9.35,21.53,0
"69",5.57,10.89,0
"70",7.06,16.5,0
"71",2.91,7.32,1
"72",7.34,17.74,0
"73",5.64,8.98,1
"74",8.13,19.46,0
"75",4.65,5.6,0
"76",7.07,14.43,0
"77",5.32,12.74,0
"78",5.29,11.61,0
"79",8.16,16.78,0
"80",5.79,13.44,0
"81",5.01,7.12,0
"82",1.08,1.82,0
"83",2.98,3.57,0
"84",1.8,2.24,0
"85",2.39,4.61,0
"86",4.34,9.63,0
"87",3.85,9.13,0
"88",0.42,1.39,0
"89",8.12,19.55,0
"90",1.02,-0.86,0
"91",4.39,7.49,0
"92",8.31,13.2,0
"93",1.7,3.38,0
"94",7.96,18.09,0
"95",7.48,14.88,0
"96",2.89,3.62,0
"97",6.51,13.65,0
"98",4.23,5.1,0
"99",7.09,12.67,0
"100",2.9,7.04,1
